      u'               g'              r'              i'               z' 
  2935  0.000      3760  0.000     5280  0.000     6540  0.000      7830  0.000     
  2985  0.000      3860  0.008     5380  0.002     6640  0.002      7930  0.001  
  3035  0.005      3960  0.176     5480  0.171     6740  0.017      8030  0.012  
  3085  0.060      4060  0.442     5580  0.633     6840  0.136      8130  0.065   
  3135  0.211      4160  0.663     5680  0.861     6940  0.505      8230  0.232  
  3185  0.420      4260  0.748     5780  0.926     7040  0.843      8330  0.491  
  3235  0.581      4360  0.820     5880  0.955     7140  0.973      8430  0.748  
  3285  0.718      4460  0.868     5980  0.968     7240  1.000      8530  0.912 
  3335  0.881      4560  0.907     6080  0.962     7340  0.990      8630  0.987  
  3385  0.934      4660  0.940     6180  1.000     7440  0.979      8730  1.000                     
  3435  1.000      4760  0.957     6280  0.977     7540  0.960      8830  0.986                    
  3485  0.919      4860  0.968     6380  0.989     7640  0.923      8930  0.964                    
  3535  0.977      4960  0.985     6480  0.985     7740  0.892      9030  0.934                    
  3585  0.937      5060  0.975     6580  0.978     7840  0.872      9130  0.891                    
  3635  0.868      5160  1.000     6680  0.964     7940  0.837      9230  0.840                    
  3685  0.801      5260  0.990     6780  0.960     8040  0.796      9330  0.782                    
  3735  0.813      5360  0.965     6880  0.819     8140  0.764      9430  0.717                    
  3785  0.707      5460  0.705     6980  0.250     8240  0.731      9630  0.579                    
  3835  0.579      5560  0.117     7080  0.042     8340  0.693      9730  0.508                    
  3885  0.297      5660  0.017     7180  0.008     8440  0.602      9830  0.438                    
  3935  0.094      5760  0.003     7280  0.002     8540  0.213      9930  0.367                    
  3985  0.016      5860  0.001     7380  0.001     8640  0.030     10030  0.300                    
  4035  0.001      5960  0.000     7480  0.000     8740  0.005     10130  0.233                    
  4085  0.000       nan    nan      nan    nan     8840  0.001     10230  0.171                    
  4135  0.000       nan    nan      nan    nan     8940  0.000     10330  0.118                       
   nan    nan       nan    nan      nan    nan      nan    nan     10430  0.077    
   nan    nan       nan    nan      nan    nan      nan    nan     10530  0.049 
   nan    nan       nan    nan      nan    nan      nan    nan     10630  0.030 
   nan    nan       nan    nan      nan    nan      nan    nan     10730  0.018  
   nan    nan       nan    nan      nan    nan      nan    nan     10830  0.010 
   nan    nan       nan    nan      nan    nan      nan    nan     10930  0.006 
   nan    nan       nan    nan      nan    nan      nan    nan     11030  0.003 
   nan    nan       nan    nan      nan    nan      nan    nan     11130  0.001 
   nan    nan       nan    nan      nan    nan      nan    nan     11230  0.000 
